50  50  1
40  40  1
60  60  1
40  60  1
60  40  1
55  55  1
45  55  1
55  45  1
45  45  1
35  35  1
65  65  1
35  65  1
65  35  1
0   10  0
0   20  0
0   30  0
0   40  0
0   50  0
0   60  0
0   70  0
0   80  0
0   90  0
99  99  0
99  90  0
99  80  0
99  70  0
99  60  0
99  50  0
99  40  0
99  30  0
99  20  0
99  10  0
99  0   0
0   50  0
10  0   0
20  0   0
30  0   0
40  0   0
50  0   0
60  0   0
70  0   0
80  0   0
90  0   0
99  0   0
0   99  0
10  99  0
20  99  0
30  99  0
40  99  0
50  99  0
60  99  0
70  99  0
80  99  0
90  99  0
